197.673 133.690 2.510 34.791
277.026 124.928 2.462 131.854
234.906 178.431 2.527 35.627
201.029 141.678 2.589 37.691
230.694 121.480 2.510 89.888
226.885 149.383 2.643 56.818
272.521 129.898 2.519 72.597
205.555 146.154 2.496 38.663
232.311 126.422 2.539 84.707
194.193 72.468 2.509 98.750
203.246 128.410 2.495 54.173
217.232 125.183 2.582 70.953
219.550 161.501 3.961 34.621
198.657 136.444 3.170 39.743
226.494 132.570 2.495 75.812
266.561 202.841 3.753 39.721
237.150 135.606 3.614 76.101
232.453 166.987 3.522 42.313
191.515 134.266 3.635 34.637
240.690 179.374 3.170 39.514
212.079 113.320 2.547 69.789
234.724 130.083 2.491 83.212
191.700 135.044 2.530 36.532
212.156 125.138 2.491 66.520
184.932 130.597 2.492 36.590
180.387 133.509 2.531 25.269
228.959 123.295 2.500 86.850
242.347 122.783 2.542 83.379
283.853 126.361 2.473 135.654
208.849 120.540 2.541 67.306
286.551 213.046 2.518 52.361
227.031 140.211 2.490 66.677
195.645 137.698 2.503 36.403
195.499 121.077 2.503 54.254
213.044 124.733 2.543 68.506
235.931 146.480 2.484 70.007
215.801 128.156 2.505 66.959
224.820 137.126 2.519 66.562
236.294 129.934 2.521 84.930
238.680 131.612 2.514 83.839
187.466 118.503 2.543 47.276
198.541 126.441 2.520 52.444
218.587 126.751 2.538 71.099
282.036 140.972 2.526 121.182
192.553 123.120 2.572 50.460
235.018 137.227 2.517 66.719
208.756 133.037 2.521 55.543
213.024 140.359 2.474 52.007
213.421 121.685 2.475 70.023
224.014 118.725 2.490 82.953
