1244.973 130.165 65.009 46.176
1213.943 118.316 61.683 48.364
1154.652 66.859 56.789 34.589
1196.322 119.705 60.792 34.838
1181.715 83.724 57.088 32.973
1269.727 120.628 62.040 117.988
1375.823 68.317 54.830 77.554
1205.816 74.230 63.687 35.757
1168.848 75.150 61.780 49.947
1231.278 91.756 66.249 82.754
1205.767 118.490 62.226 35.767
1209.807 81.953 57.085 82.303
1192.882 68.117 57.301 46.042
1200.642 118.925 62.022 34.632
1194.832 84.412 57.584 68.204
1205.247 83.499 57.460 51.471
1211.392 118.619 57.910 34.775
1232.201 126.360 65.552 34.974
1149.068 67.608 57.162 35.465
1230.221 118.525 61.751 50.200
1140.354 68.730 56.869 34.789
1325.466 67.282 57.195 44.707
1176.064 86.944 57.590 34.752
1226.878 81.882 58.431 76.871
1193.522 77.949 58.687 78.722
1239.452 89.028 57.389 44.637
1125.634 68.996 57.012 30.762
1475.750 91.677 65.946 45.744
1226.515 118.664 59.647 46.932
1273.302 133.869 63.045 45.256
1392.512 134.254 59.621 34.917
1219.515 85.832 57.450 81.344
1139.368 68.962 57.456 35.443
1247.237 132.605 51.003 46.399
1323.791 183.751 59.650 35.089
1261.224 88.868 55.153 72.388
1388.330 125.969 58.535 35.230
1209.484 82.806 57.726 48.609
1300.611 76.582 52.345 66.878
1214.737 78.168 55.728 82.869
1255.997 118.993 63.839 79.223
1301.665 75.811 55.401 72.045
1154.991 68.220 57.346 26.793
1468.606 139.305 64.334 80.763
1196.549 120.973 57.538 50.302
1261.864 124.828 56.625 36.018
1224.500 126.667 66.133 34.559
1149.983 82.676 56.693 35.110
1326.727 152.785 64.052 47.157
1203.147 118.306 65.634 35.952
