1469.357 133.791 121.078 67.626
1464.243 130.702 125.329 49.841
1471.780 168.512 109.105 52.342
1462.217 120.494 120.316 68.377
1444.349 123.405 118.625 53.602
1502.763 136.670 106.055 98.732
1462.521 148.906 127.047 51.739
1477.579 132.058 109.940 98.129
1537.382 142.111 117.065 55.681
1507.891 120.230 123.392 129.471
1451.843 124.615 118.740 87.022
1496.702 118.599 123.747 100.264
1482.362 163.878 119.145 66.662
1490.934 169.359 114.775 42.422
1723.270 150.345 113.839 98.476
1475.672 135.374 123.016 84.134
1496.824 133.807 146.333 52.997
1488.982 154.455 105.637 85.902
1469.834 170.153 109.665 50.869
1603.814 136.779 125.943 70.649
1571.584 167.720 110.985 82.649
1473.118 170.042 109.519 84.297
1419.494 124.154 117.297 52.504
1468.436 151.295 125.734 66.954
1445.793 132.604 125.657 53.699
1618.727 169.600 109.271 50.652
1605.220 149.340 112.628 114.587
1457.341 137.941 122.552 50.935
1485.810 158.302 122.057 63.821
1469.377 133.720 126.122 82.858
1455.783 146.691 126.473 51.078
1504.317 190.616 105.741 53.218
1526.527 188.192 111.550 82.727
1475.339 149.199 106.162 72.481
1469.856 141.077 119.844 62.087
1504.692 143.011 119.698 68.667
1524.766 206.661 126.520 50.979
1615.410 154.419 107.088 33.612
1475.064 137.007 107.832 94.727
1436.176 137.722 117.674 54.103
1466.577 165.377 131.239 49.863
1573.743 135.259 127.357 159.789
1481.603 150.034 106.422 68.487
1715.159 191.853 111.589 51.903
1447.851 153.247 105.761 52.942
1461.044 172.548 107.008 55.834
1462.895 150.687 110.394 68.148
1467.639 157.367 121.136 84.401
1542.734 143.612 118.116 86.812
1475.684 143.391 117.496 98.084
