136.772 69.857 2.439 36.309
139.185 85.229 2.591 34.362
140.547 84.914 2.651 36.755
170.981 80.919 2.543 68.775
128.991 73.997 2.495 36.592
163.492 67.928 2.654 68.559
162.791 68.440 2.595 75.270
183.503 87.032 2.504 75.142
186.362 119.300 2.532 47.339
166.397 76.427 2.551 70.397
151.922 68.254 2.496 37.562
158.379 69.180 2.494 70.102
163.445 74.792 2.613 68.553
135.551 70.827 2.500 44.112
124.852 70.249 2.467 35.716
181.864 119.706 2.494 39.873
160.000 71.031 2.715 68.858
142.704 75.619 2.558 48.011
140.415 70.223 2.473 51.061
142.228 83.581 2.612 36.691
137.666 79.892 2.530 35.623
126.581 68.019 2.505 39.723
181.829 116.804 2.506 43.888
135.477 80.290 2.485 35.872
122.352 68.538 2.524 35.632
126.971 70.384 2.541 36.421
138.290 80.269 2.493 36.337
136.918 83.253 3.265 36.667
114.298 55.005 2.492 38.490
131.058 74.329 3.761 37.928
124.022 68.723 2.524 35.566
188.101 130.974 2.485 37.215
128.850 72.433 2.427 36.398
189.070 120.955 2.465 47.366
211.357 74.948 2.505 116.601
137.772 81.775 2.497 36.583
124.855 68.756 2.495 35.922
122.571 68.260 2.447 36.378
143.144 71.991 2.459 52.940
124.116 67.928 2.517 35.833
205.298 118.580 2.472 68.461
125.339 68.521 2.508 36.448
124.502 69.455 2.478 36.129
138.014 72.439 2.497 36.052
125.480 68.620 2.623 36.500
137.934 81.758 2.711 36.555
194.720 136.182 2.607 38.144
191.802 119.323 2.603 53.020
132.474 75.895 2.498 36.585
151.637 78.870 2.495 52.153
