691.657 170.025 38.528 118.524
691.969 170.021 38.671 118.732
688.059 170.363 38.359 118.645
745.663 168.197 38.595 169.004
745.886 173.771 38.769 169.057
696.039 168.586 38.717 117.574
693.297 170.012 39.150 118.826
682.590 168.119 38.430 118.226
691.238 170.578 38.500 118.692
735.845 169.917 38.493 168.782
693.268 168.437 38.486 118.721
693.386 168.373 38.670 118.765
684.740 170.047 38.631 118.356
745.988 171.006 38.805 168.843
692.491 173.977 38.791 118.794
688.997 168.858 38.805 118.294
692.585 170.055 38.487 118.682
689.885 168.166 38.449 117.007
691.699 168.116 38.627 118.702
689.348 170.036 38.703 118.763
692.262 169.866 38.441 118.717
695.065 169.901 38.487 118.396
690.637 169.969 38.406 118.506
740.613 169.877 38.376 168.588
692.558 169.960 38.541 118.353
696.563 173.862 38.638 117.675
745.123 174.898 38.481 168.811
688.159 170.021 38.796 119.132
687.184 168.772 38.575 118.433
734.652 168.148 38.372 169.063
700.651 167.518 39.379 118.512
703.889 172.364 38.663 118.647
737.710 170.242 38.863 168.765
743.069 168.926 38.469 168.923
690.220 168.150 38.724 118.670
690.806 168.549 38.451 118.690
693.735 168.566 38.448 119.101
695.474 168.138 38.610 118.431
695.170 169.897 38.332 118.530
698.274 170.615 38.755 117.029
696.440 170.101 38.579 118.440
692.606 170.107 38.543 118.693
687.504 168.208 38.509 118.698
690.470 168.324 38.412 118.683
688.661 169.893 38.290 118.646
690.100 170.364 38.319 120.274
694.932 170.563 38.692 118.733
741.408 171.487 38.461 167.646
750.848 168.339 38.512 169.321
695.554 176.006 38.579 119.039
