351.854 168.395 2.988 170.687
300.599 170.094 2.915 118.712
302.030 169.989 2.935 118.590
348.766 168.406 2.917 168.945
298.772 168.014 2.926 119.016
297.878 168.139 2.879 118.128
352.735 169.414 2.912 169.254
299.908 169.552 2.969 118.663
350.172 167.007 2.953 169.329
297.409 167.951 2.947 117.549
301.782 168.590 2.985 120.800
301.356 170.955 2.958 118.495
304.451 172.700 3.049 119.321
352.245 167.650 2.994 170.616
299.292 168.307 2.955 119.124
298.547 169.501 2.977 117.322
351.579 169.304 2.956 169.548
298.860 168.263 2.897 118.938
329.462 167.989 2.948 118.892
348.639 169.632 2.958 167.215
302.380 171.632 2.924 119.029
301.469 170.293 2.872 118.817
248.150 117.878 2.866 118.082
301.819 169.382 2.949 118.629
351.431 169.905 2.983 168.485
302.777 172.352 2.970 118.743
298.178 168.035 2.955 118.400
300.668 168.023 2.943 120.859
350.215 220.112 2.926 118.434
354.844 174.150 2.923 169.118
351.946 169.024 2.923 169.166
299.182 167.879 2.900 118.766
299.289 169.614 2.920 118.067
298.852 169.698 2.913 117.710
300.326 167.610 2.819 118.770
298.832 168.162 2.850 118.265
298.813 168.234 2.818 118.322
297.485 167.712 2.970 117.698
302.865 169.668 2.810 120.143
298.940 170.559 2.827 116.573
299.159 169.759 2.852 118.271
301.755 169.297 2.829 118.094
347.879 167.897 2.828 168.411
326.210 170.789 2.891 143.569
349.471 169.896 2.819 168.583
298.834 168.090 2.999 117.712
299.142 169.636 2.936 116.718
302.411 171.760 2.949 118.700
298.240 168.183 2.890 118.410
350.053 219.792 2.938 118.643
