458.259 171.145 40.142 119.028
498.438 220.666 40.302 118.955
447.262 168.596 40.357 118.578
449.111 168.602 40.035 118.712
444.127 168.645 40.224 118.410
447.137 168.654 40.211 118.803
641.715 218.786 40.183 268.343
446.357 168.478 40.036 118.665
505.706 218.777 40.120 118.887
448.816 168.726 40.299 117.222
447.457 168.638 40.119 119.266
497.974 170.658 40.131 168.508
448.726 170.353 40.141 118.436
504.426 218.731 39.672 118.034
544.914 268.839 40.090 120.355
492.389 170.461 40.326 167.953
450.117 169.546 40.096 118.681
551.922 168.594 39.869 218.959
502.463 174.084 40.142 168.790
511.429 170.926 40.051 168.459
555.134 170.019 40.331 218.393
494.517 170.137 39.759 167.284
446.218 170.755 40.188 119.078
442.285 170.302 40.031 118.580
505.168 220.368 40.179 118.969
445.600 168.590 40.035 118.522
445.492 170.021 40.495 118.459
458.392 173.196 40.230 118.988
447.696 168.714 40.175 118.650
498.335 170.076 39.938 167.185
454.816 170.233 40.287 117.719
443.831 168.270 40.065 118.150
497.276 168.317 40.029 169.275
445.225 167.592 40.512 118.408
436.355 170.160 40.577 117.242
497.059 220.215 40.125 118.385
444.468 170.239 40.276 117.465
547.619 170.917 39.866 218.824
449.362 168.178 40.061 117.441
449.614 169.344 40.088 119.031
443.435 170.018 39.968 117.732
449.405 170.275 40.154 118.321
496.501 170.095 40.187 168.431
448.297 169.679 40.016 117.271
445.755 168.509 40.054 118.773
448.679 170.174 40.250 118.387
450.514 170.169 40.022 118.385
448.763 170.070 40.071 118.711
454.282 170.146 39.915 118.150
449.024 170.234 39.639 118.791
