3008.866 369.191 75.442 369.603
2977.287 370.975 73.067 368.747
3174.183 419.237 72.954 419.893
3297.562 419.075 72.146 419.487
3142.200 420.965 73.621 368.772
3280.211 469.673 73.810 419.417
3317.581 469.697 73.528 368.205
3178.776 369.927 73.460 369.651
3915.185 1072.421 72.558 368.387
3034.728 419.123 72.168 369.902
3134.719 368.832 72.843 419.353
3165.061 419.367 74.541 369.716
3136.980 419.319 71.405 367.660
2993.589 368.956 74.080 369.156
3273.914 373.304 73.204 369.730
3085.943 371.587 73.853 369.375
3142.525 419.075 72.114 317.313
3177.379 373.361 74.146 418.304
2987.608 368.887 74.561 369.448
3206.957 418.520 73.103 419.310
3265.745 469.512 74.117 420.050
3096.914 369.008 73.497 419.260
3169.490 419.291 74.383 369.002
3210.067 419.074 73.558 418.656
3078.169 472.066 72.110 369.158
3145.841 469.600 72.620 369.021
3350.608 370.541 72.829 468.932
3056.137 372.310 74.502 321.236
3165.163 418.902 74.286 369.039
3161.049 420.732 74.401 419.248
3026.189 368.797 72.754 419.954
3125.127 369.014 72.603 371.489
3194.012 418.904 72.785 419.514
3151.561 419.380 72.149 369.089
3323.836 469.249 71.444 367.544
3053.923 368.946 72.182 319.370
4250.785 1471.771 75.415 369.523
3037.869 370.896 72.461 318.443
3340.381 418.441 73.312 419.933
3053.907 369.344 72.578 368.798
3066.456 422.618 73.880 321.551
3219.931 470.784 72.461 372.133
3374.958 419.377 74.407 418.895
3105.529 371.312 74.199 369.306
3585.159 671.233 74.170 369.609
3037.822 368.977 73.144 418.643
3125.598 369.389 76.016 368.478
3344.172 421.469 73.697 419.573
3304.777 419.348 73.466 519.567
3064.001 469.395 72.990 318.862
