929.525 468.651 8.975 417.842
778.885 368.813 8.855 369.931
783.817 370.327 9.082 369.667
778.514 368.619 8.997 369.538
779.617 369.737 8.980 369.165
827.640 418.442 8.981 368.630
882.513 420.129 9.398 421.148
882.292 420.100 8.868 421.555
2581.529 2175.180 8.851 367.436
937.351 519.483 8.918 367.655
978.658 420.124 9.004 518.761
836.529 369.359 8.974 424.237
877.581 367.745 8.960 470.498
880.982 470.252 9.118 369.285
781.434 369.985 8.954 368.396
879.926 419.993 8.919 420.415
830.536 418.476 8.922 369.402
1328.443 420.100 9.091 869.211
834.758 371.000 9.065 423.628
779.007 370.486 9.080 369.398
826.578 418.975 8.912 368.430
734.205 370.152 8.939 323.253
727.791 370.494 8.994 317.824
1080.374 671.516 9.069 369.386
829.449 370.417 8.958 419.894
780.573 368.255 8.954 369.419
902.925 418.823 9.029 419.112
779.392 370.861 9.195 368.461
781.444 373.456 9.180 369.211
876.820 368.508 9.001 469.589
784.549 369.347 8.855 368.969
930.041 418.573 9.251 469.584
834.918 371.791 9.001 418.860
827.460 418.356 8.843 369.404
828.815 420.343 9.008 368.733
876.258 368.654 9.032 468.753
878.535 418.807 9.108 419.114
827.512 419.035 9.169 368.932
779.339 368.489 9.015 369.400
880.737 368.657 9.292 469.178
1481.828 1070.201 9.080 369.514
950.277 420.338 8.837 470.164
1433.054 819.747 9.247 569.650
778.550 370.800 8.988 367.483
880.636 419.015 9.117 418.823
977.571 468.901 9.003 469.703
777.320 369.002 9.458 368.539
828.116 420.249 9.051 369.005
778.072 368.724 9.067 369.077
