1534.056 418.935 9.114 469.083
2883.332 370.494 72.567 419.320
2781.685 370.239 73.181 370.592
2783.310 419.140 75.126 318.913
2941.597 368.893 71.885 369.447
2844.589 419.895 74.263 419.635
2855.070 370.541 75.377 472.988
2746.752 369.048 73.916 371.004
2897.700 419.339 73.766 370.043
2843.485 370.417 74.102 470.050
2779.552 371.386 74.100 371.674
2709.329 368.715 73.300 319.337
2852.479 419.461 74.910 419.891
2812.865 369.216 73.744 418.685
2831.009 468.987 74.613 369.314
2852.058 367.865 72.512 469.417
2788.245 370.713 72.160 419.451
2852.610 370.853 71.882 418.648
2807.306 369.850 73.539 369.094
2874.922 420.755 73.898 419.800
2791.626 370.832 75.476 318.391
2938.087 369.202 71.373 520.986
2800.275 419.010 73.878 369.189
2812.750 421.063 72.562 368.482
2734.961 368.844 71.834 371.454
2808.255 369.574 74.179 369.606
2801.677 419.179 74.818 369.810
2738.176 369.671 73.646 369.551
2819.119 419.167 72.534 369.912
2835.721 417.950 73.547 368.927
2896.175 371.930 74.177 369.344
3755.847 369.000 74.160 1371.950
2790.140 421.120 73.583 370.053
2945.526 470.516 73.237 468.939
2819.743 370.955 74.049 420.203
2774.743 368.992 72.533 369.082
2773.524 419.327 74.894 369.796
2955.448 369.203 73.081 569.873
2779.070 368.721 71.403 418.435
3178.056 771.670 73.355 368.321
2917.957 419.510 72.407 468.735
3064.158 671.878 73.845 371.848
2784.446 468.500 74.250 317.976
2851.003 469.551 72.375 369.384
2752.865 368.988 76.667 370.459
2869.012 369.119 73.148 469.615
2751.968 368.985 72.517 369.550
2772.010 368.405 72.246 419.388
2771.820 369.385 71.940 369.209
2776.369 421.056 74.795 318.256
